Document: 2501.09223v2_10.pdf
Type: PDF
Size: 2.59 MB
Uploaded: 2025-10-16T03:17:01.828543Z
Status: completed